x1	x2	x3	y
-1.76	-1.23	1.00	0.15
-1.70	-1.26	-1.71	0.16
-1.64	-1.25	-1.75	0.16
-1.60	-1.24	-1.73	0.17
-1.55	-1.23	-1.67	0.18
-1.50	-1.22	-1.62	0.18
-1.45	-1.20	-1.57	0.19
-1.44	-1.20	-1.55	0.19
-1.43	-1.19	-1.54	0.19
-1.42	-1.19	-1.53	0.19
-1.41	-1.19	-1.52	0.20
-1.34	-1.16	-1.44	0.21
-1.29	-1.14	-1.37	0.22
-1.23	-1.11	-1.30	0.23
-1.21	-1.10	-1.28	0.23
-1.19	-1.09	-1.25	0.23
-1.17	-1.09	-1.24	0.24
-1.15	-1.07	-1.21	0.24
-1.11	-1.06	-1.17	0.25
-1.10	-1.05	-1.15	0.25
-1.05	-1.02	-1.09	0.26
-1.00	-1.00	-1.04	0.27
-0.99	-0.99	-1.03	0.27
-0.94	-0.96	-0.97	0.28
-0.92	-0.95	-0.95	0.28
-0.91	-0.94	-0.94	0.29
-0.86	-0.91	-0.88	0.30
-0.84	-0.90	-0.86	0.30
-0.80	-0.88	-0.82	0.31
-0.74	-0.83	-0.75	0.32
-0.68	-0.80	-0.69	0.34
-0.63	-0.75	-0.63	0.35
-0.57	-0.71	-0.56	0.36
-0.55	-0.69	-0.54	0.37
-0.50	-0.66	-0.50	0.38
-0.49	-0.65	-0.49	0.38
-0.45	-0.62	-0.44	0.39
-0.42	-0.59	-0.41	0.40
-0.37	-0.55	-0.35	0.41
-0.34	-0.52	-0.33	0.42
-0.28	-0.47	-0.26	0.43
-0.23	-0.43	-0.22	0.44
-0.23	-0.43	-0.22	0.44
-0.18	-0.38	-0.16	0.46
-0.16	-0.36	-0.14	0.46
-0.13	-0.34	-0.12	0.47
-0.11	-0.31	-0.09	0.47
-0.09	-0.30	-0.08	0.48
-0.03	-0.24	-0.02	0.49
0.03	-0.18	0.05	0.51
0.07	-0.14	0.09	0.52
0.08	-0.12	0.10	0.52
0.13	-0.07	0.15	0.53
0.18	-0.02	0.20	0.55
0.19	0.00	0.21	0.55
0.22	0.02	0.23	0.55
0.25	0.06	0.27	0.56
0.26	0.06	0.27	0.56
0.29	0.10	0.30	0.57
0.30	0.11	0.31	0.57
0.36	0.18	0.37	0.59
0.38	0.21	0.40	0.60
0.43	0.26	0.44	0.61
0.48	0.33	0.49	0.62
0.50	0.34	0.50	0.62
0.55	0.41	0.56	0.63
0.59	0.45	0.59	0.64
0.60	0.46	0.60	0.64
0.63	0.51	0.63	0.65
0.68	0.57	0.68	0.66
0.74	0.64	0.73	0.68
0.78	0.69	0.77	0.68
0.78	0.70	0.77	0.69
0.82	0.76	0.81	0.70
0.87	0.82	0.86	0.71
0.90	0.86	0.88	0.71
0.93	0.90	0.91	0.72
0.99	0.98	0.97	0.73
1.03	1.04	1.01	0.74
1.03	1.04	1.01	0.74
1.05	1.06	1.02	0.74
1.11	1.15	1.08	0.75
1.12	1.17	1.09	0.75
1.13	1.19	1.10	0.76
1.14	1.20	1.11	0.76
1.17	1.24	1.13	0.76
1.20	1.29	1.16	0.77
1.26	1.37	1.22	0.78
1.30	1.43	1.25	0.79
1.32	1.46	1.27	0.79
1.36	1.53	1.31	0.80
1.41	1.60	1.35	0.80
1.47	1.69	1.41	0.81
1.49	1.74	1.43	0.82
1.50	1.75	1.44	0.82
1.52	1.78	1.45	0.82
1.56	1.84	1.49	0.83
1.62	1.94	1.54	0.83
1.66	2.00	1.58	0.84
1.71	2.08	1.62	0.85